1    9.53674316406e-07
2    1.19209289551e-06
3    1.90734863281e-06
4    9.53674316406e-07
5    1.90734863281e-06
6    9.53674316406e-07
7    9.53674316406e-07
8    1.90734863281e-06
9    1.19209289551e-06
10    9.53674316406e-07
11    9.53674316406e-07
12    9.53674316406e-07
13    9.53674316406e-07
14    1.90734863281e-06
15    1.19209289551e-06
16    1.19209289551e-06
17    9.53674316406e-07
18    2.14576721191e-06
19    9.53674316406e-07
20    9.53674316406e-07
21    9.53674316406e-07
22    9.53674316406e-07
23    1.90734863281e-06
24    1.90734863281e-06
25    9.53674316406e-07
26    9.53674316406e-07
27    1.19209289551e-06
28    9.53674316406e-07
29    9.53674316406e-07
30    9.53674316406e-07
31    2.86102294922e-06
32    3.09944152832e-06
33    2.86102294922e-06
34    3.09944152832e-06
35    3.09944152832e-06
36    2.86102294922e-06
37    2.86102294922e-06
38    3.09944152832e-06
39    3.09944152832e-06
40    2.14576721191e-06
41    2.86102294922e-06
42    2.86102294922e-06
43    1.90734863281e-06
44    3.09944152832e-06
45    3.09944152832e-06
46    1.90734863281e-06
47    2.86102294922e-06
48    3.09944152832e-06
49    2.14576721191e-06
50    3.09944152832e-06
51    2.86102294922e-06
52    1.90734863281e-06
53    3.09944152832e-06
54    3.09944152832e-06
55    3.09944152832e-06
56    2.86102294922e-06
57    3.09944152832e-06
58    3.09944152832e-06
59    2.86102294922e-06
60    3.09944152832e-06
61    3.09944152832e-06
62    1.90734863281e-06
63    2.86102294922e-06
64    2.86102294922e-06
65    3.09944152832e-06
66    2.14576721191e-06
67    1.90734863281e-06
68    2.86102294922e-06
69    2.14576721191e-06
70    3.09944152832e-06
71    3.09944152832e-06
72    2.86102294922e-06
73    3.09944152832e-06
74    2.14576721191e-06
75    3.09944152832e-06
76    2.86102294922e-06
77    2.86102294922e-06
78    3.09944152832e-06
79    3.09944152832e-06
80    1.90734863281e-06
81    3.09944152832e-06
82    1.90734863281e-06
83    3.09944152832e-06
84    3.09944152832e-06
85    2.86102294922e-06
86    1.90734863281e-06
87    1.90734863281e-06
88    2.14576721191e-06
89    3.09944152832e-06
90    2.86102294922e-06
91    1.90734863281e-06
92    3.09944152832e-06
93    5.00679016113e-06
94    4.05311584473e-06
95    4.05311584473e-06
96    3.09944152832e-06
97    3.81469726562e-06
98    4.05311584473e-06
99    2.86102294922e-06
100    4.05311584473e-06
